1012

9 19 13 0
29 94 44 2
49 264 84 6
104 455 66 3
158 409 50 4
178 2 45 4
191 168 42 2
206 131 63 5
228 158 44 3
263 76 75 8
312 111 53 3
331 152 58 3
336 39 37 4
340 257 38 1
407 336 97 7
415 130 55 5
437 275 24 1
444 383 24 0
516 397 31 1
522 394 65 3
581 460 46 3
776 412 26 1
820 166 51 3
850 149 53 3
887 143 19 1
896 89 35 2
898 265 74 5
947 378 39 1
987 271 63 5
1030 348 92 9
1043 138 49 4
1089 406 67 5
1094 110 76 8
1097 108 55 4
1159 171 40 2
51 58 366 15 9
259 274 99 34 9
259 277 177 2 9
437 34 125 15 1
776 1048 362 24 1
1056 1063 454 40 9
1056 1064 400 32 9
1070 1072 253 8 9
1089 1034 193 35 5
10 1023 1045 225 28 9
75 235 241 165 14 9
75 283 305 41 14 9
108 133 298 9 9
178 551 313 39 4
228 389 310 27 3
263 1167 83 32 8
510 513 469 13 9
510 647 655 263 28 9
520 524 11 16 9
522 833 278 21 3
525 662 668 360 9 9
532 543 197 17 9
560 789 803 365 24 9
560 997 1013 272 7 9
911 1 8 198 28 9
912 924 447 28 9
925 938 132 7 9
1025 1115 1121 375 5 9
1056 568 585 244 6 9
1056 772 782 461 6 9
1065 1067 81 38 9
1065 1068 77 5 9
1070 682 709 462 6 9
1101 741 750 63 8 9
1101 1106 440 6 9
1117 1129 283 16 9
10 235 241 165 4 9
10 485 492 477 39 9
10 545 395 406 384 29 9
10 1021 1034 193 2 9
10 1076 1083 210 2 9
108 742 754 192 7 9
158 843 473 24 4
178 175 77 91 450 3 4
178 175 77 94 355 5 4
178 175 179 204 4 4
178 175 180 299 6 4
228 481 55 7 3
259 626 632 62 15 9
361 238 772 782 461 12 9
361 997 1013 272 2 9
370 360 283 305 41 10 9
370 662 668 360 11 9
380 386 107 10 9
511 199 219 126 10 9
511 199 757 769 333 4 9
511 740 745 382 7 9
511 840 996 1005 184 5 9
520 320 345 140 25 9
520 486 488 504 84 11 9
532 286 282 297 101 1 9
532 286 282 298 219 3 9
560 565 572 220 13 9
645 910 914 331 33 9
661 770 773 46 16 9
661 1100 1103 254 9 9
841 106 123 353 13 9
841 627 638 202 24 9
841 1144 50 55 321 8 9
841 1144 1166 69 13 9
855 1026 1023 1045 225 1 9
855 1026 1054 435 7 9
912 151 166 349 29 9
912 620 546 552 446 12 9
925 927 948 398 27 9
986 787 797 164 22 9
1070 682 714 169 13 9
1101 741 749 79 27 9
1101 741 751 302 4 9
1117 786 795 167 10 9
511 840 843 473 1 9
520 756 757 769 333 5 9
855 677 282 298 219 19 9
898 91 450 42 5
1025 1026 1054 435 9 9
1056 740 745 382 15 9
10 235 240 320 11 9
10 865 875 448 7 9
10 1076 1077 932 963 374 9 9
10 1179 1197 35 20 9
51 0 565 572 220 2 9
51 58 242 120 19 9
51 856 864 276 246 20 9
51 1116 1123 122 8 9
51 1116 1124 97 11 9
75 547 558 449 8 9
75 547 559 209 37 9
75 999 772 782 461 6 9
108 113 111 142 127 16 9
158 847 277 14 4
259 868 869 888 65 7 9
259 868 884 651 14 10 9
336 417 160 29 4
361 600 608 428 31 9
370 315 325 200 16 9
370 315 326 464 12 9
370 360 283 304 339 9 9
370 755 77 94 355 10 9
370 755 759 96 8 9
510 431 740 745 382 5 9
510 431 740 746 294 17 9
511 840 682 714 169 1 9
511 1131 1136 211 11 9
511 1145 1170 459 9 9
520 486 76 86 95 18 9
520 486 494 402 6 9
520 756 678 456 482 338 4 9
520 756 742 754 192 22 9
525 195 204 791 233 19 9
525 717 725 207 11 9
532 286 569 588 335 21 9
532 541 216 6 9
560 562 344 9 9
560 789 807 133 2 9
645 648 169 203 8 9
645 910 915 230 11 9
645 1102 1114 407 10 9
855 568 585 244 2 9
855 677 690 242 9 9
911 1 3 433 18 9
912 151 164 254 408 6 9
912 151 166 768 357 9 9
912 620 624 457 9 9
912 922 364 9 9
1025 625 630 258 21 9
1030 291 172 30 9
1065 198 200 225 342 6 9
1070 660 154 172 255 3 9
1070 771 781 431 10 9
1101 489 506 441 5 9
1101 489 509 51 6 9
1101 567 577 157 38 9
1101 1110 405 12 9
1117 1127 352 26 9
1130 998 1014 208 2 9
361 0 565 572 220 8 9
380 926 932 963 374 12 9
380 926 932 964 237 5 9
525 772 782 461 3 9
532 717 725 207 3 9
661 755 759 96 12 9
855 185 235 240 320 8 9
855 185 235 243 26 7 9
911 569 588 335 22 9
925 283 304 339 22 9
1065 77 94 355 1 9
1130 567 577 157 6 9
510 933 932 964 237 2 9
912 620 235 243 26 18 9
10 628 644 128 10 9
51 60 229 11 9
51 284 309 1001 346 9 9
75 79 98 196 8 9
108 113 148 251 7 9
259 626 812 829 1155 390 7 9
259 868 882 479 29 9
361 432 446 28 9 9
361 565 572 220 1 9
370 662 671 624 457 2 9
370 789 807 133 4 9
380 150 161 404 18 9
380 1177 1188 387 11 9
510 602 616 1121 375 13 9
510 871 869 888 65 10 9
510 933 856 864 276 246 2 9
511 515 330 8 9
511 1145 601 613 459 13 11 9
520 970 976 260 3 9
522 878 472 14 3
525 16 20 21 45 212 1 9
525 16 175 180 299 15 9
525 788 627 638 202 4 9
532 1 3 433 1 9
532 540 618 238 23 9
560 323 358 182 24 9
560 382 112 145 311 20 9
560 591 598 249 22 9
560 1140 1149 54 13 9
645 318 339 5 1 9
645 1102 1113 224 14 9
661 770 547 555 16 12 9
820 517 248 32 3
820 810 816 363 3 3
841 756 742 754 192 4 9
911 280 291 172 1 9
925 283 304 875 448 2 9
925 939 401 9 9
987 641 266 11 5
1025 1021 1037 328 13 9
1056 972 971 979 444 1 9
1056 972 971 981 442 15 9
1056 1060 452 21 9
1065 930 815 839 73 20 9
1065 1116 1124 97 4 9
1070 107 127 223 14 9
1070 371 375 4 20 9
1089 434 437 38 5
1094 777 318 30 8
1101 741 256 265 274 2 9
1117 1077 1087 417 19 9
1117 1129 338 422 7 9
520 486 628 644 128 3 9
525 812 829 1155 390 20 9
525 856 864 276 246 12 9
911 280 186 742 754 192 4 9
986 869 888 65 8 9
1070 603 618 238 7 9
1101 970 976 260 11 9
520 1175 628 644 128 1 9
986 742 754 192 1 9
1117 628 644 128 16 9
9 1016 59 11 0
10 485 491 392 1 9
10 865 842 851 396 8 9
10 1176 1184 227 6 9
51 53 66 180 17 9
75 77 94 355 5 9
75 81 324 300 27 9
108 112 145 311 9 9
108 113 111 143 218 11 9
108 132 280 50 9
158 492 477 33 4
206 363 53 39 5
228 201 227 3 3 3
259 255 264 185 11 9
259 281 293 245 22 9
263 807 133 16 8
312 285 601 613 459 13 4 3
331 1168 324 19 3
336 417 1136 211 6 4
361 238 254 408 12 9
361 565 571 296 8 9
361 600 607 36 16 9
370 315 328 116 3 9
380 150 159 345 17 9
380 383 64 596 199 6 9
380 1177 1185 151 7 9
415 397 416 458 18 5
510 431 740 744 57 3 9
510 647 659 277 177 20 9
510 871 868 882 479 4 9
520 486 76 84 148 4 9
520 486 488 502 231 5 9
525 16 175 177 100 7 9
525 1179 1198 1195 214 30 9
532 680 705 222 23 3 9
560 196 213 144 22 9
645 105 118 36 334 20 9
841 489 509 51 3 9
911 400 423 195 2 9
912 620 235 239 119 5 9
912 919 12 26 9
925 927 945 432 8 9
986 590 676 687 465 6 9
987 1052 356 35 5
1025 1023 1045 948 398 2 9
1025 1026 1053 1063 454 8 9
1025 1115 1122 391 21 9
1056 1062 102 23 9
1065 451 470 1027 113 7 9
1065 930 955 322 9 9
1070 771 780 72 30 9
1070 1074 186 12 9
1101 970 973 285 18 9
1101 970 975 413 7 9
1130 567 580 247 9 9
1130 813 835 372 17 9
1130 1134 117 3 9
361 0 842 851 396 3 9
361 865 874 30 15 9
380 867 112 145 311 1 9
525 176 315 328 116 3 9
855 871 868 882 479 1 9
855 871 899 226 5 9
855 871 900 1057 129 8 9
986 620 235 239 119 3 9
986 620 235 242 120 5 9
986 620 400 423 195 5 9
986 620 546 550 86 6 9
1025 1049 94 355 17 9
1065 397 416 458 10 9
1070 371 488 502 231 1 9
361 865 842 851 396 16 9
855 677 282 298 851 396 7 9
925 487 842 851 396 20 9
10 70 74 979 444 3 9
10 70 600 607 36 8 9
10 202 234 942 0 7 9
10 545 1177 1185 151 3 9
10 647 659 277 177 6 9
49 21 45 212 11 6
51 52 200 224 282 28 9
51 53 67 6 14 9
51 814 455 476 1060 452 1 9
108 113 111 144 340 6 9
108 175 177 100 6 9
206 169 203 4 5
228 201 229 134 3 3
259 255 256 265 274 2 9
331 317 333 137 5 3
361 76 84 148 4 9
361 76 85 305 12 9
361 432 443 190 8 9
370 360 399 421 256 10 9
370 662 1141 1151 141 14 9
370 789 452 472 419 3 9
380 150 156 18 5 9
380 384 189 23 9
380 926 944 139 15 9
437 430 434 437 11 1
510 602 603 618 238 12 9
511 78 932 966 351 16 9
511 840 996 1010 181 234 9 9
511 1131 811 823 1192 297 11 9
520 107 127 223 5 9
520 486 485 491 392 1 9
525 176 646 652 142 127 9 9
525 526 341 643 325 18 9
525 772 784 291 2 9
525 788 799 306 4 9
525 812 827 439 15 9
560 235 242 120 1 9
560 382 392 145 6 9
560 1140 1147 17 1 9
560 1140 1148 347 314 9 9
581 435 56 27 3
645 318 315 328 116 6 9
841 756 678 694 470 26 9
855 185 190 403 6 9
855 1142 18 36 334 8 9
896 1197 35 17 2
911 280 1179 1198 1195 214 1 9
912 257 530 533 421 8 9
925 927 949 1063 454 6 9
925 937 37 26 9
925 1022 1040 213 18 9
986 620 400 424 261 3 9
1025 1050 219 126 24 9
1030 543 197 26 9
1030 705 222 23 13 9
1030 1020 1031 307 3 9
1056 450 457 269 2 9
1065 531 538 175 33 9
1065 930 815 488 502 231 4 9
1070 371 379 478 1 9
1130 567 582 315 4 9
1130 1135 418 23 9
370 647 659 277 177 11 9
511 199 111 144 340 15 9
511 199 202 234 942 0 18 9
520 76 85 305 7 9
520 76 87 191 2 9
520 1178 1177 1190 147 7 9
560 455 476 1060 452 5 9
560 1131 811 823 1192 297 29 9
645 602 603 618 238 13 9
841 200 224 282 4 9
986 175 177 100 10 9
986 486 485 491 392 1 9
986 620 321 347 314 12 9
1025 1115 1120 242 120 5 9
1043 1022 1040 213 10 4
1065 198 996 1010 181 234 1 9
1070 430 434 437 18 9
1101 788 799 306 30 9
1130 926 944 139 14 9
10 401 429 32 2 9
10 1055 1057 129 26 9
10 1076 1084 304 17 9
51 61 159 50 9
51 62 337 9 9
108 109 134 60 4 9
108 113 149 289 4 9
108 237 251 1040 213 7 9
178 576 22 23 4
312 285 601 614 317 9 3
331 541 216 17 3
336 317 333 137 12 4
361 0 76 87 191 2 9
370 662 667 373 2 9
370 1176 1184 227 12 9
380 110 136 92 11 9
380 567 235 242 120 3 9
380 567 582 315 9 9
380 716 723 10 2 9
407 35 389 42 7
510 431 740 746 229 134 2 9
510 512 78 24 9
511 432 443 190 17 9
511 840 682 710 359 82 14 9
520 15 23 201 15 9
520 150 156 18 16 9
520 150 157 205 8 9
520 202 234 942 0 4 9
520 1178 1177 1192 297 7 9
525 176 182 366 430 4 9
525 812 828 270 7 9
525 1079 1099 170 6 9
532 70 71 34 1 9
532 485 491 392 4 9
532 717 729 427 13 9
560 382 389 310 10 9
661 756 678 694 470 2 9
661 756 761 379 12 9
841 755 396 408 103 11 9
841 928 952 332 23 9
850 759 96 27 3
855 677 282 238 254 408 1 9
855 873 908 154 24 9
887 500 93 29 1
912 151 165 85 3 9
925 933 932 962 376 6 9
986 486 495 410 5 9
986 620 400 422 456 5 9
986 787 797 802 293 1 9
986 869 891 377 23 9
1056 450 464 308 10 9
1070 430 434 48 124 10 9
1070 1073 142 4 9
1130 152 167 463 16 9
1130 995 1001 346 2 9
1159 1092 295 11 2
532 1055 1058 252 30 9
560 591 76 87 191 12 9
560 591 153 150 157 205 1 9
645 235 242 120 16 9
855 677 110 136 92 5 9
911 280 186 396 408 103 1 9
911 917 908 154 2 9
1056 757 485 491 392 1 9
1065 450 464 308 11 9
1070 620 400 422 456 7 9
1094 962 376 34 8
986 110 136 92 10 9
1056 972 186 396 408 103 3 9
10 382 389 310 2 9
51 53 69 228 14 9
51 284 307 25 1 9
75 79 97 236 5 9
108 237 249 259 31 9
191 167 463 30 2
191 186 396 408 103 3 2
259 255 256 267 136 11 9
259 255 399 421 256 17 9
259 255 399 485 491 392 5 9
259 275 290 4 9
259 279 332 87 6 9
361 565 575 24 28 9
361 865 870 895 1083 210 2 9
361 1076 681 682 710 359 82 10 9
370 662 400 422 456 1 9
370 662 674 1173 33 6 9
370 789 806 194 9 9
380 867 873 908 154 17 9
415 265 274 17 5
510 431 740 76 87 191 6 9
511 153 150 157 205 2 9
511 1178 1177 1192 297 9 9
516 358 182 19 1
520 322 356 118 14 9
525 176 183 354 2 9
525 527 276 1 9
525 546 715 721 235 5 9
525 647 658 343 9 9
532 1 7 915 230 14 9
532 70 600 612 309 14 9
532 675 684 109 2 9
581 240 320 10 3
645 602 603 201 229 134 2 9
645 985 989 64 5 9
841 200 222 23 1 9
841 1078 1095 173 18 9
841 1144 151 165 85 29 9
855 677 282 302 178 6 9
855 857 115 4 9
855 871 872 905 287 7 9
887 868 882 479 2 1
911 80 102 135 6 9
925 316 330 443 16 9
925 935 52 23 9
986 185 190 403 18 9
986 590 595 274 99 1 9
1025 718 731 20 11 9
1025 1021 1036 492 477 1 9
1025 1026 626 812 828 270 3 9
1043 379 478 39 4
1056 1061 47 9 9
1065 198 996 1010 644 128 3 9
1065 397 414 281 11 9
1065 450 460 123 7 9
1065 451 471 206 7 9
1065 1069 399 3 9
1097 739 262 35 4
1117 1128 39 445 34 9
1130 998 1017 453 15 9
361 364 69 228 6 9
510 431 382 389 310 1 9
520 591 153 150 157 205 8 9
520 740 76 87 191 6 9
520 740 76 90 155 3 9
532 675 682 710 359 82 8 9
532 675 682 710 491 392 11 9
560 284 307 25 14 9
645 105 322 356 118 9 9
645 647 658 343 9 9
841 1078 662 674 1173 33 5 9
925 934 330 443 10 9
1043 857 115 26 4
1056 785 620 400 422 456 1 9
1101 870 895 1083 210 2 9
645 382 389 310 12 9
645 591 153 150 157 205 7 9
661 756 757 485 491 392 7 9
1025 625 322 356 118 17 9
1065 531 76 90 155 2 9
841 1078 153 150 157 205 2 9
1065 1116 76 90 155 2 9
925 646 153 150 157 205 13 9
29 550 86 15 2
49 21 46 361 24 6
49 289 70 37 6
51 63 98 3 9
51 236 246 476 1 9
51 236 247 851 396 17 9
75 620 400 422 456 6 9
75 999 998 1017 453 5 9
108 130 369 358 21 9
108 755 758 284 4 9
228 457 269 16 3
263 1167 1027 113 18 8
263 1193 221 29 8
312 881 329 368 7 3
336 317 772 784 291 2 4
361 0 316 330 443 9 9
361 366 430 14 9
361 997 1012 8 9 9
370 531 76 90 155 1 9
370 789 452 451 471 206 4 9
380 383 125 473 468 13 9
380 567 578 329 7 9
380 567 579 163 16 9
380 867 873 872 905 287 5 9
510 10 545 395 402 181 2 9
510 10 1076 681 682 710 491 392 1 9
510 431 440 44 5 9
510 512 324 300 6 9
510 514 1114 407 24 9
511 1178 1177 1191 388 18 9
525 16 27 341 6 9
525 195 204 899 226 6 9
525 528 38 12 9
525 546 715 720 273 6 9
525 856 862 29 2 9
532 70 600 610 370 19 9
532 675 686 327 14 9
532 1055 1024 1048 362 7 9
560 284 311 467 6 9
645 602 812 828 270 2 9
645 910 590 595 274 99 1 9
645 985 988 414 4 9
645 985 992 436 10 9
661 756 186 396 408 103 15 9
661 770 547 554 359 2 9
661 814 455 478 268 4 9
841 106 120 241 1 9
841 106 121 323 16 9
841 454 475 240 5 9
841 928 950 279 4 9
896 1059 156 23 2
898 818 810 816 363 1 5
911 601 614 317 7 9
912 920 7 24 9
925 646 653 420 4 9
925 927 949 665 474 5 9
925 933 932 966 939 401 3 9
925 933 969 1151 141 9 9
1025 718 733 91 4 9
1025 1021 1036 356 118 3 9
1025 1026 626 634 187 30 9
1025 1049 344 188 12 9
1025 1051 385 10 9
1030 863 239 31 9
1043 1022 1038 350 1 4
1056 785 791 233 5 9
1070 371 378 380 10 9
1070 398 418 301 3 9
1070 430 439 386 11 9
1070 660 154 173 112 3 9
1070 660 198 996 1010 644 128 7 9
1070 771 779 174 2 9
1094 1063 454 34 8
1130 150 157 205 1 9
510 840 682 710 491 392 4 9
510 840 843 578 329 16 9
525 0 316 330 443 2 9
645 647 656 899 226 3 9
645 1102 590 595 274 99 10 9
661 770 547 546 715 720 273 2 9
855 1142 1144 151 166 768 478 268 1 9
911 21 46 361 5 9
911 545 395 402 181 7 9
912 928 950 279 10 9
925 453 473 468 6 9
925 933 856 862 29 2 9
1101 985 992 436 2 9
1117 52 718 733 91 5 9
1117 771 779 174 4 9
1117 1077 1177 1191 388 4 9
1117 1129 514 1114 407 13 9
1130 152 600 610 370 3 9
1056 258 547 546 715 720 273 2 9
1056 258 856 862 29 9 9
1070 398 395 402 181 3 9
1130 152 151 166 768 478 268 4 9
1065 856 862 29 7 9
1117 771 395 402 181 6 9
75 76 90 155 9 9
75 620 546 715 720 273 1 9
75 999 998 1018 425 1 9
75 999 1019 176 3 9
259 273 598 249 23 9
259 281 292 150 8 9
336 317 332 87 16 4
336 317 334 267 6 4
361 565 574 395 5 9
361 997 1011 899 226 4 9
370 531 537 312 23 9
370 789 808 393 19 9
380 284 311 467 1 9
380 646 653 420 1 9
407 395 402 181 18 7
510 319 344 188 11 9
510 626 634 187 1 9
511 19 454 475 240 8 9
511 19 454 873 872 905 287 5 9
511 381 388 783 286 2 9
520 111 141 146 8 9
520 320 346 106 7 9
520 740 748 351 104 9 9
532 717 726 232 3 9
645 105 116 162 7 9
645 560 323 359 82 6 9
645 602 615 371 3 9
645 1102 590 596 199 2 9
661 662 674 1173 33 9 9
661 662 1141 1153 243 9 9
661 770 78 932 966 939 401 2 9
661 814 811 824 423 6 9
661 1178 1177 1191 388 3 9
855 154 173 112 3 9
855 871 903 66 25 9
855 1142 18 316 330 443 2 9
911 280 1021 1036 356 118 9 9
912 719 738 153 12 9
925 487 499 9 5 9
986 679 696 67 4 9
986 1131 1137 250 1 9
1025 625 629 962 376 1 9
1025 1115 1119 43 10 9
1065 1116 1125 543 197 1 9
1065 1146 1172 217 8 9
1070 371 377 475 3 9
1101 17 236 247 851 396 1 9
1101 870 866 877 40 9 9
1101 870 894 71 12 9
1101 970 977 338 422 6 9
1101 1076 1085 75 11 9
1117 566 576 22 5 9
1117 1077 1086 369 13 9
1130 150 157 384 189 4 9
1130 813 833 278 13 9
1130 813 834 246 476 3 9
1130 926 942 0 30 9
1130 995 1000 68 5 9
532 1 565 574 395 1 9
532 647 656 899 226 16 9
661 560 284 311 467 1 9
661 560 323 359 82 18 9
661 756 678 456 483 1173 33 3 9
855 932 966 939 401 7 9
912 719 872 905 287 13 9
912 1177 1191 388 1 9
986 715 720 273 3 9
986 715 722 292 13 9
986 787 0 316 330 443 6 9
1056 590 596 199 17 9
1070 1146 1172 217 26 9
1117 786 794 344 188 12 9
1130 10 1076 1085 75 6 9
912 257 323 359 82 6 9
1117 52 64 596 199 21 9
75 520 740 748 351 104 13 9
75 620 323 359 82 1 9
108 106 121 323 11 9
259 995 1000 68 11 9
370 1176 1182 1151 141 5 9
380 646 647 656 899 226 5 9
407 395 402 935 52 10 7
407 395 404 179 12 7
415 265 989 64 13 5
511 19 20 39 445 7 9
511 1145 1143 1163 451 5 9
511 1145 1143 1164 105 10 9
532 1 565 571 877 40 4 9
532 539 730 90 5 9
645 318 315 324 300 2 9
645 318 338 422 3 9
645 814 811 824 423 5 9
661 560 113 998 1018 425 8 9
661 560 1055 1059 156 4 9
661 662 670 27 9 9
661 679 696 67 16 9
661 1100 1104 61 12 9
661 1178 1195 214 2 9
841 489 505 722 292 2 9
841 842 849 114 5 9
855 660 665 474 13 9
911 545 549 31 5 9
911 569 589 88 24 9
912 1177 1186 411 17 9
925 283 306 190 403 2 9
986 110 140 883 215 11 9
986 717 726 232 5 9
1025 1022 1038 350 4 9
1025 1022 1042 3 433 7 9
1030 982 972 983 303 12 9
1070 284 311 467 9 9
1101 17 236 248 288 5 9
1101 788 802 293 8 9
1101 970 371 377 475 1 9
1117 52 718 735 48 4 9
1117 628 643 325 3 9
1117 1077 1088 367 8 9
1130 10 430 439 386 6 9
1130 152 600 605 326 16 9
370 625 322 351 104 4 9
510 431 398 395 404 179 1 9
661 560 1131 811 824 423 2 9
661 560 1140 1143 1164 105 2 9
911 280 286 314 1163 451 1 9
1130 545 549 31 9 9
511 19 37 748 351 104 2 9
986 1131 811 824 423 7 9
75 520 202 231 416 10 9
75 520 522 878 472 7 9
75 520 740 743 161 1 9
75 1055 1059 156 1 9
104 103 117 429 24 3
108 106 124 1151 141 5 9
108 109 111 141 146 13 9
108 1115 1119 43 19 9
259 281 293 1174 1164 105 5 9
331 541 588 335 1 3
380 716 315 324 300 6 9
407 693 348 806 194 7 7
510 431 398 395 405 415 3 9
511 19 20 40 21 7 9
645 1102 718 735 48 11 9
661 662 1141 1152 58 1 9
661 662 1141 1155 390 2 9
661 770 1077 1088 367 5 9
841 200 220 121 20 9
841 1175 628 643 325 1 9
855 1142 1144 195 204 899 226 3 9
855 1142 1144 195 208 426 3 9
898 818 810 819 316 6 5
911 280 1021 1037 311 467 1 9
925 283 306 267 136 1 9
986 717 730 90 11 9
986 1131 320 346 106 11 9
1030 1020 1029 596 199 4 9
1065 397 412 579 163 9 9
1094 1078 1093 80 6 8
1101 970 1 565 571 877 40 1 9
1130 10 786 794 344 188 7 9
259 1140 1143 1164 105 1 9
911 628 643 325 2 9
1056 590 676 689 656 899 226 12 9
1070 1146 1143 1164 105 4 9
1070 1146 1174 1164 105 1 9
29 16 27 341 7 2
29 16 28 319 3 2
75 620 321 347 121 323 13 9
108 106 119 466 3 9
108 109 111 141 346 106 1 9
259 278 243 26 8 9
263 255 399 485 491 392 8 8
312 285 286 314 1163 451 2 3
312 285 487 842 849 114 5 3
336 317 335 42 9 4
370 625 322 355 87 191 1 9
510 840 682 711 434 5 9
511 195 208 426 4 9
511 195 210 15 1 9
661 679 703 1062 102 2 9
820 904 914 331 7 3
855 811 822 1 1 9
855 932 968 424 4 9
911 236 248 288 9 9
911 430 439 386 28 9
986 486 496 180 299 14 9
987 985 992 436 17 5
1025 1022 1039 183 2 9
1025 1022 1042 3 71 34 9 9
1030 1020 1026 626 634 187 2 9
1030 1020 1029 1013 272 1 9
1065 450 455 479 917 908 154 20 9
1094 126 107 127 223 13 8
1097 1079 1099 170 9 4
1101 870 893 588 335 13 9
1101 970 1 565 573 45 5 9
1117 52 64 562 344 13 9
532 680 681 682 711 434 1 9
855 858 243 26 45 9
912 928 932 968 424 1 9
75 76 89 50 2 9
75 77 93 49 36 9
75 77 95 1152 58 6 9
75 620 321 1022 1042 3 71 34 2 9
108 237 252 1086 369 6 9
312 285 1115 1119 43 1 3
340 319 344 188 12 1
370 1176 1183 61 159 9 9
510 401 428 1099 170 9 9
532 680 681 682 714 66 180 4 9
581 567 579 163 17 3
645 814 455 479 917 908 154 3 9
898 299 282 302 178 2 5
898 818 810 812 828 270 7 5
911 21 41 1153 243 8 9
911 628 640 555 16 16 9
911 628 642 356 118 12 9
947 927 949 665 474 9 1
986 110 137 891 377 4 9
986 787 0 322 355 87 191 14 9
987 641 670 27 4 5
1025 1023 1046 229 134 1 9
1030 982 972 186 194 330 443 8 9
1030 1020 1026 602 615 371 10 9
1056 590 594 894 71 7 9
1130 150 162 381 22 9
361 865 237 252 1086 369 1 9
511 381 1022 1042 3 71 34 1 9
661 560 455 479 917 908 154 6 9
855 1142 18 840 682 714 66 180 3 9
661 1100 381 1022 1042 3 71 34 1 9
1117 840 682 714 66 180 1 9
75 520 15 24 773 46 2 9
206 195 210 15 13 5
263 255 262 222 11 8
312 285 487 398 395 405 415 2 3
407 7 915 230 8 7
415 207 208 426 38 5
645 382 390 635 102 135 1 9
645 1102 718 733 66 180 1 9
820 904 872 905 287 7 3
855 660 198 996 1010 644 684 109 5 9
911 430 436 421 256 19 9
947 927 53 69 228 2 1
1030 982 972 971 401 428 1099 170 1 9
1130 150 155 1088 367 3 9
1130 926 940 1028 234 942 0 2 9
661 560 196 214 66 180 6 9
1030 1020 1026 602 53 69 228 5 9
1065 930 815 996 1010 644 684 109 1 9
911 196 214 66 180 6 9
206 195 203 347 15 5
206 195 211 438 14 5
312 881 868 882 479 2 3
407 693 678 456 483 1173 33 2 7
850 759 891 377 11 3
898 818 810 202 231 416 5 5
912 928 952 1012 8 1 9
1070 284 307 579 163 1 9
1094 1078 153 171 384 189 11 8
1117 840 682 713 851 396 5 9
987 985 910 195 211 438 2 5
1065 930 928 952 1012 8 5 9
1097 1079 1096 1012 8 15 4
29 550 720 273 6 2
75 520 523 132 280 3 9
158 150 155 1088 367 4 4
263 255 256 266 920 7 6 8
263 255 741 750 311 467 3 8
263 255 741 752 471 7 8
380 716 724 807 133 24 9
511 516 358 182 2 9
532 542 944 139 1 9
661 1100 647 657 97 236 3 9
841 489 508 121 323 2 9
898 299 282 296 74 2 5
1030 1020 646 153 171 384 189 8 9
1056 590 595 345 140 8 9
1065 930 926 940 1028 234 942 0 1 9
1070 1146 1143 1161 618 238 1 9
263 255 741 256 266 920 7 1 8
1159 1143 1161 618 238 3 2
9 1 565 573 45 1 0
370 789 805 239 119 5 9
370 1176 1183 242 120 1 9
661 662 672 559 209 10 9
986 742 754 1096 1012 8 1 9
1070 1146 1172 749 79 2 9
1089 1077 1088 367 2 5
1094 126 107 1177 1186 411 5 8
1094 1063 1187 726 232 5 8
1117 1129 514 1114 424 261 5 9
1056 1176 1183 242 120 5 9
1097 1079 565 573 45 8 4
1130 433 789 805 239 119 2 9
263 255 399 395 405 415 1 8
312 285 284 307 579 163 5 3
312 881 329 316 330 443 1 3
361 865 237 252 555 16 3 9
850 606 3 71 34 3 3
850 606 421 256 6 3
898 299 282 565 573 45 1 5
987 1052 1026 602 53 69 228 2 5
1030 1020 646 647 657 97 236 4 9
1065 450 458 243 26 3 9
1065 1070 1146 1172 749 79 3 9
1130 152 600 611 877 40 3 9
104 80 70 1177 1186 411 2 3
104 80 76 89 50 4 3
263 255 486 496 180 299 1 8
661 679 695 1153 243 9 9
911 236 245 903 66 6 9
912 257 268 1114 424 261 3 9
1065 930 815 488 600 611 877 40 1 9
1065 930 928 932 967 145 311 1 9
259 281 295 155 1088 367 11 9
263 255 486 497 576 22 11 8
370 372 1162 165 85 25 9
407 35 25 1063 1187 726 232 4 7
898 818 810 819 713 851 396 9 5
987 985 910 590 595 345 140 3 5
1065 930 928 932 967 882 479 3 9
1089 707 681 682 713 851 396 5 5
1159 1143 1162 165 85 14 2
49 184 176 646 647 657 97 236 13 6
312 881 868 883 215 2 3
841 431 1143 1162 165 85 7 9
1094 777 771 395 405 415 7 8
1097 739 719 872 905 287 2 4
1159 1092 1078 153 171 384 189 6 2
75 620 323 359 805 239 119 4 9
104 80 76 85 908 154 1 3
104 80 76 86 180 299 3 3
898 299 282 284 307 579 163 1 5
987 1052 1026 996 1010 644 684 109 3 5
259 620 323 359 805 239 119 1 9
312 285 1115 1119 576 22 7 3
661 620 323 359 805 239 119 5 9
1094 777 771 780 915 230 1 8
415 13 10 786 794 344 188 2 5
1065 930 926 940 1028 234 562 344 3 9
415 13 10 401 428 1099 170 3 5
987 985 281 295 155 1088 367 10 5
1097 739 719 625 322 355 87 191 1 4
1094 777 771 395 403 939 401 3 8
1089 1077 932 967 882 479 3 5
206 363 360 399 395 403 939 401 2 5
415 13 10 1076 681 682 713 851 396 2 5
444 941 926 940 1028 234 562 344 1 0
841 431 1143 1162 165 93 49 3 9
661 770 431 1143 1162 165 93 49 1 9
49 289 280 1179 1176 1183 242 120 1 6
